#Layer_Color=0
#
#Feature symbol names
#
$0 r3.937
$1 r1.9685

#
#Feature attribute names
#

#
#Layer features
#
L 1.1880625 2.0330948 1.1880625 2.143331 1 P 0
L 1.1880625 2.0330948 1.2510547 2.0330948 1 P 0
L 1.1880625 2.143331 1.2510547 2.143331 1 P 0
L 1.1998736 2.0882129 1.2392436 2.0882129 0 P 0
L 1.2195586 2.0685279 1.2195586 2.107898 0 P 0
L 1.2372751 2.1512053 1.2372751 2.2614415 1 P 0
L 1.2372751 2.1512053 1.3002673 2.1512053 1 P 0
L 1.2372751 2.2614415 1.3002673 2.2614415 1 P 0
L 1.2490862 2.2063234 1.2884562 2.2063234 0 P 0
L 1.2510547 2.0330948 1.2510547 2.143331 1 P 0
L 1.2687712 2.1866383 1.2687712 2.2260084 0 P 0
L 1.2727082 2.076402 1.2727082 2.1393941 1 P 0
L 1.2727082 2.076402 1.3042043 2.076402 1 P 0
L 1.2727082 2.1393941 1.3042043 2.1393941 1 P 0
L 1.2766452 2.1078981 1.3002672 2.1078981 1 P 0
L 1.2884562 2.096087 1.2884562 2.1197091 1 P 0
L 1.3002673 2.1512053 1.3002673 2.2614415 1 P 0
L 1.3042043 2.076402 1.3042043 2.1393941 1 P 0
L 1.3297949 2.072465 1.3297949 2.2614414 1 P 0
L 1.3297949 2.072465 1.5187713 2.072465 1 P 0
L 1.3297949 2.2614414 1.5187713 2.2614414 1 P 0
L 1.408535 2.1669532 1.4479051 2.1669532 0 P 0
L 1.4282201 2.1472682 1.4282201 2.1866383 0 P 0
L 1.5098426 1.8996063 1.5098426 1.9625984 1 P 0
L 1.5098426 1.8996063 1.5413387 1.8996063 1 P 0
L 1.5098426 1.9625984 1.5413387 1.9625984 1 P 0
L 1.5147639 1.9311023 1.5364174 1.9311023 1 P 0
L 1.5187713 2.072465 1.5187713 2.2614414 1 P 0
L 1.5196851 1.5649606 1.5196851 1.6279527 1 P 0
L 1.5196851 1.5649606 1.5511812 1.5649606 1 P 0
L 1.5196851 1.6279527 1.5511812 1.6279527 1 P 0
L 1.5246064 1.5964566 1.5462599 1.5964566 1 P 0
L 1.5255906 1.9202756 1.5255906 1.9419291 1 P 0
L 1.5295276 1.218504 1.5295276 1.2814961 1 P 0
L 1.5295276 1.218504 1.5610237 1.218504 1 P 0
L 1.5295276 1.2814961 1.5610237 1.2814961 1 P 0
L 1.5344489 1.25 1.5561024 1.25 1 P 0
L 1.5354331 1.5856299 1.5354331 1.6072834 1 P 0
L 1.5413387 1.8996063 1.5413387 1.9625984 1 P 0
L 1.5452756 1.2391733 1.5452756 1.2608268 1 P 0
L 1.5511812 1.5649606 1.5511812 1.6279527 1 P 0
L 1.5610237 1.218504 1.5610237 1.2814961 1 P 0
